##FastQC	0.11.5
>>Basic Statistics	pass
#Measure	Value
Filename	stdin
File type	Conventional base calls
Encoding	Sanger / Illumina 1.9
Total Sequences	16169506
Sequences flagged as poor quality	0
Sequence length	99-101
%GC	45
>>END_MODULE
>>Per base sequence quality	pass
#Base	Mean	Median	Lower Quartile	Upper Quartile	10th Percentile	90th Percentile
1	32.75508905466871	33.0	33.0	33.0	33.0	33.0
2	32.75856683562256	33.0	33.0	33.0	33.0	33.0
3	32.76495132256978	33.0	33.0	33.0	33.0	33.0
4	36.65427607992477	37.0	37.0	37.0	37.0	37.0
5	36.6551733862494	37.0	37.0	37.0	37.0	37.0
6	36.67648399400699	37.0	37.0	37.0	37.0	37.0
7	36.68795410323605	37.0	37.0	37.0	37.0	37.0
8	36.684870706625176	37.0	37.0	37.0	37.0	37.0
9	36.679027485440805	37.0	37.0	37.0	37.0	37.0
10-11	36.662585084541234	37.0	37.0	37.0	37.0	37.0
12-13	36.649992615729886	37.0	37.0	37.0	37.0	37.0
14-15	38.859748529114	40.0	37.0	40.0	37.0	40.0
16-17	38.835710627152125	40.0	37.0	40.0	37.0	40.0
18-19	38.788802545977596	40.0	37.0	40.0	37.0	40.0
20-21	38.75648764408758	40.0	37.0	40.0	37.0	40.0
22-23	38.735469747808004	40.0	37.0	40.0	37.0	40.0
24-25	38.73039364962665	40.0	37.0	40.0	37.0	40.0
26-27	38.65015443267098	40.0	37.0	40.0	37.0	40.0
28-29	38.60290029887122	40.0	37.0	40.0	37.0	40.0
30-31	38.51874630554576	40.0	37.0	40.0	37.0	40.0
32-33	38.47077585425306	40.0	37.0	40.0	37.0	40.0
34-35	38.45668349422672	40.0	37.0	40.0	37.0	40.0
36-37	38.40952794105151	40.0	37.0	40.0	37.0	40.0
38-39	38.35744162499461	40.0	37.0	40.0	37.0	40.0
40-41	38.298488741709235	40.0	37.0	40.0	37.0	40.0
42-43	38.23081026717823	40.0	37.0	40.0	37.0	40.0
44-45	38.10320367857868	40.0	37.0	40.0	37.0	40.0
46-47	37.966107127824436	40.0	37.0	40.0	35.0	40.0
48-49	37.83726061266188	40.0	37.0	40.0	33.0	40.0
50-51	37.73419565198838	40.0	37.0	40.0	33.0	40.0
52-53	37.60926295460109	40.0	37.0	40.0	33.0	40.0
54-55	37.46941103209956	40.0	37.0	40.0	33.0	40.0
56-57	37.27514003829183	38.5	37.0	40.0	33.0	40.0
58-59	37.03851938952248	37.0	37.0	40.0	33.0	40.0
60-61	36.77677935862728	37.0	37.0	40.0	33.0	40.0
62-63	36.55929188560245	37.0	37.0	40.0	33.0	40.0
64-65	36.29721272870056	37.0	37.0	40.0	33.0	40.0
66-67	36.09038089970095	37.0	37.0	38.5	33.0	40.0
68-69	35.847851381483146	37.0	37.0	37.0	33.0	40.0
70-71	35.574094595097705	37.0	35.0	37.0	33.0	40.0
72-73	35.28168062153537	37.0	33.0	37.0	33.0	40.0
74-75	34.98214243527292	37.0	33.0	37.0	33.0	37.0
76-77	33.49454021662752	35.0	33.0	37.0	27.0	37.0
78-79	34.453199776171274	37.0	33.0	37.0	30.0	37.0
80-81	34.52112909324502	37.0	33.0	37.0	33.0	37.0
82-83	34.381009908404124	37.0	33.0	37.0	27.0	37.0
84-85	34.251701041454204	37.0	33.0	37.0	27.0	37.0
86-87	34.09398342163329	37.0	33.0	37.0	27.0	37.0
88-89	33.99596901723528	37.0	33.0	37.0	27.0	37.0
90-91	33.964371700656784	37.0	33.0	37.0	27.0	37.0
92-93	33.854807407226915	37.0	33.0	37.0	27.0	37.0
94-95	33.802451942563984	37.0	33.0	37.0	27.0	37.0
96-97	33.72787607116754	37.0	33.0	37.0	27.0	37.0
98-99	33.63041607455416	37.0	33.0	37.0	27.0	37.0
100-101	32.09431583729865	35.0	30.0	37.0	24.5	37.0
>>END_MODULE
>>Per sequence quality scores	pass
#Quality	Count
6	4.0
7	196.0
8	747.0
9	1054.0
10	971.0
11	1031.0
12	1099.0
13	1276.0
14	1938.0
15	3768.0
16	6632.0
17	9586.0
18	12233.0
19	14849.0
20	18116.0
21	22365.0
22	27924.0
23	35139.0
24	44871.0
25	56716.0
26	72244.0
27	92580.0
28	117145.0
29	148273.0
30	189296.0
31	246783.0
32	328455.0
33	456449.0
34	672017.0
35	1118034.0
36	2439363.0
37	6268582.0
38	3707009.0
39	16763.0
40	35998.0
>>END_MODULE
>>Per base sequence content	fail
#Base	G	A	T	C
1	22.141303374779316	16.344143018180414	14.598045487821002	46.916508119219266
2	22.314660017692773	21.550539689010886	38.69821424683994	17.436586046456398
3	21.840448263812654	27.49109564260114	27.577303552156746	23.09115254142946
4	24.29277544572711	32.826511801622445	20.169064360598387	22.711648392052062
5	26.454426004109216	34.547171694670205	21.456784146652346	17.541618154568233
6	19.37398087486408	36.89750942298423	22.89071787350832	20.837791828643372
7	17.71034284002067	18.192980052871164	42.28416533726007	21.8125117698481
8	19.452443383242507	23.177424220628634	28.971546811634198	28.39858558449467
9	20.404129847875378	23.496778442087223	31.24950137623252	24.84959033380488
10-11	23.014794020299693	32.46998393148189	22.080566345069542	22.434655703148877
12-13	21.455606003052907	25.80172208105801	28.957121510082	23.78555040580708
14-15	21.901264432842012	27.401263582475714	27.778869510672948	22.91860247400933
16-17	22.912917067472563	27.735355675058965	26.57184455727961	22.77988270018886
18-19	22.60298799480949	28.07027314254375	26.352168705710614	22.97457015693615
20-21	22.63570276242585	28.123784453867096	26.631975481880794	22.608537301826264
22-23	22.357426998697424	28.461571429578612	26.714310257839664	22.466691313884297
24-25	22.24001231955135	28.242967280211655	26.755573174548005	22.761447225688986
26-27	22.39570210634811	28.235195493342964	26.799764767028694	22.569337633280234
28-29	22.457760923555735	28.108901409851363	26.733859401765276	22.699478264827633
30-31	22.20582977421467	28.235198510040583	26.719000662439203	22.839971053305543
32-33	22.453732672316068	28.24077548589627	26.685481310114422	22.620010531673238
34-35	22.615117162775146	27.95713325388473	26.759606214555077	22.66814336878505
36-37	22.473925778695218	28.029394405920765	26.77817070070123	22.718509114682785
38-39	22.596924907965928	28.228493491129825	26.7941232278138	22.380458373090452
40-41	22.564891390946208	28.12771698896673	26.768435510363165	22.538956109723895
42-43	22.365930713505957	28.056864279002173	26.951256896613412	22.625948110878454
44-45	22.589517154392876	27.984001018345307	26.925748252471454	22.500733574790363
46-47	22.658673968087445	27.94547102077263	26.83368925419769	22.562165756942235
48-49	22.53819328073848	27.82527673773946	26.96195233733867	22.674577644183387
50-51	22.584593880413085	27.95616187573735	26.920300644923874	22.53894359892569
52-53	22.686268617769965	28.00778778815368	26.88394988975557	22.421993704320787
54-55	22.395192285986496	27.87030316936437	27.034596727135202	22.69990781751393
56-57	22.501998622526873	27.841093992362264	27.164944010891134	22.49196337421973
58-59	22.559024928853802	27.85552620479894	27.098704251522875	22.486744614824378
60-61	22.40425458622049	27.71523604145566	27.146033676183183	22.73447569614067
62-63	22.48640367817343	27.71293894851813	27.309800700666308	22.49085667264213
64-65	22.591858447317172	27.79085042423466	27.121236681150545	22.496054447297624
66-67	22.450843867314923	27.769591956469636	27.202502087531315	22.577062088684123
68-69	22.598055958114056	27.680664673261223	27.26924533281671	22.452034035808012
70-71	22.586968712310085	27.738890479386196	27.21745887348137	22.45668193482235
72-73	22.499781892881558	27.69146735572744	27.267073117515995	22.541677633875015
74-75	22.523999798371698	27.646085426695898	27.467987641298304	22.361927133634104
76-77	22.52962530940928	27.741695513217902	27.249795180697927	22.47888399667489
78-79	22.48692457944029	27.597060566288178	27.33194002377574	22.58407483049579
80-81	22.627188735093068	27.56999630607586	27.445952199786717	22.356862759044354
82-83	22.617165230656617	27.59864061598113	27.35290747774085	22.431286675621404
84-85	22.48941047317539	27.50437226274551	27.439450481061	22.566766783018103
86-87	22.632206581898703	27.546075542094666	27.479378224780817	22.342339651225814
88-89	22.654490412856045	27.631903841564764	27.31357083977677	22.400034905802418
90-91	22.59876547829197	27.41076799738072	27.42012521352914	22.570341310798174
92-93	22.68136807190676	27.464419794841906	27.572404737249112	22.281807396002222
94-95	22.675501032622766	27.587447631362394	27.4099963227077	22.32705501330715
96-97	22.601417692218277	27.486608655726823	27.403144964813425	22.508828687241472
98-99	22.80689911219184	27.573132431038534	27.438639844922243	22.181328611847384
100-101	22.963893613898616	27.54131116736661	27.18920474143516	22.305590477299617
>>END_MODULE
>>Per sequence GC content	pass
#GC Content	Count
0	45.0
1	31.0
2	15.0
3	11.5
4	7.0
5	10.0
6	21.0
7	27.5
8	42.0
9	66.5
10	98.5
11	144.0
12	209.0
13	280.0
14	368.5
15	463.0
16	601.0
17	806.0
18	1104.0
19	1563.5
20	2235.5
21	3321.5
22	4821.0
23	7029.5
24	10971.5
25	17371.5
26	27689.5
27	42297.0
28	62311.5
29	89130.5
30	117758.0
31	151171.5
32	186780.0
33	220080.0
34	250012.0
35	274817.0
36	308173.0
37	354005.5
38	403478.0
39	467661.0
40	546573.0
41	628496.5
42	725375.5
43	826982.5
44	917051.5
45	975798.0
46	997017.5
47	988530.0
48	948927.5
49	894437.0
50	812280.5
51	705110.5
52	607228.5
53	521577.0
54	433189.0
55	343179.5
56	268260.0
57	213629.5
58	176204.0
59	144467.5
60	111381.0
61	88760.5
62	72756.5
63	55050.0
64	40139.0
65	30287.0
66	23351.0
67	17390.5
68	13002.5
69	9705.0
70	7554.5
71	5606.5
72	3818.5
73	2581.5
74	1819.5
75	1332.5
76	964.5
77	698.0
78	500.0
79	368.0
80	278.0
81	208.0
82	158.5
83	117.5
84	89.0
85	60.0
86	48.5
87	47.0
88	34.0
89	25.5
90	18.5
91	12.0
92	7.0
93	3.0
94	5.0
95	3.5
96	1.0
97	0.5
98	0.5
99	0.5
100	0.5
>>END_MODULE
>>Per base N content	pass
#Base	N-Count
1	0.03447848066601416
2	0.0011997892823689233
3	0.002820123261650665
4	0.01855344251085964
5	0.0
6	0.0
7	6.802928920648535E-5
8	0.0
9	0.0
10-11	0.0
12-13	0.0
14-15	2.1645682929336244E-5
16-17	0.0
18-19	0.0
20-21	4.731127840269208E-4
22-23	0.0
24-25	5.318653519779764E-4
26-27	2.4737923347812852E-5
28-29	0.0
30-31	0.002937628397552776
32-33	0.0011472211952548211
34-35	8.812885192658328E-4
36-37	0.002319180313857455
38-39	0.0030551335334548873
40-41	0.0025480061048247238
42-43	0.006014407613937
44-45	0.012999778719275653
46-47	0.00256965178775406
48-49	0.003073686975965747
50-51	0.005757751659203442
52-53	0.0068987883736213096
54-55	0.0030365800909440276
56-57	0.009248891091663531
58-59	0.0031633619481015686
60-61	2.288257909672689E-4
62-63	0.003778717791378413
64-65	2.1645682929336246E-4
66-67	0.001778038240624049
68-69	0.002217136380047727
70-71	0.003457124787856846
72-73	0.012316393586792325
74-75	0.007056492634963616
76-77	0.013646056966737267
78-79	0.010921793158059375
80-81	0.006577195370099743
82-83	0.007133798645425532
84-85	0.005061997565046205
86-87	0.0011750513590211105
88-89	0.0016976399897436572
90-91	0.0010328082997711867
92-93	7.54506662108292E-4
94-95	0.0
96-97	0.001233803926972166
98-99	0.0036179212896176294
100-101	0.004585813385843938
>>END_MODULE
>>Sequence Length Distribution	warn
#Length	Count
99	27.0
100	93.0
101	1.6169386E7
>>END_MODULE
>>Sequence Duplication Levels	fail
#Total Deduplicated Percentage	46.134385304731715
#Duplication Level	Percentage of deduplicated	Percentage of total
1	72.75301595902611	33.564156703350065
2	13.231589340655301	12.208624816715453
3	5.059694569404288	7.002776963674681
4	2.476616326712632	4.570286874741996
5	1.482709450919926	3.4201944551853525
6	0.9596128965344224	2.656269066726521
7	0.6859592316050527	2.2152415245943637
8	0.47914161118125476	1.7683922964612766
9	0.3882439992676441	1.6120258429017122
>10	2.2432840408527444	19.120283900801795
>50	0.16843465850812242	5.323296742842451
>100	0.06860736041798848	5.307090918422581
>500	0.002432136471933879	0.7402381813461318
>1k	6.315546594042381E-4	0.3935419521977424
>5k	2.6863783300362825E-5	0.09757976003789545
>10k+	0.0	0.0
>>END_MODULE
>>Overrepresented sequences	pass
>>END_MODULE
>>Adapter Content	pass
#Position	Illumina Universal Adapter	Illumina Small RNA 3' Adapter	Illumina Small RNA 5' Adapter	Nextera Transposase Sequence	SOLID Small RNA Adapter
1	4.9475846695625704E-5	0.0	0.0	0.0	0.0
2	8.658273171734498E-5	0.0	0.0	1.2368961673906426E-5	0.0
3	1.9790338678250281E-4	0.0	0.0	1.2368961673906426E-5	6.184480836953213E-6
4	8.596428363364966E-4	0.0	0.0	1.2368961673906426E-5	6.184480836953213E-6
5	0.0010204393380972801	0.0	0.0	1.855344251085964E-5	6.184480836953213E-6
6	0.0013791392266405665	0.0	0.0	2.4737923347812852E-5	6.184480836953213E-6
7	0.0014904598817057242	6.184480836953213E-6	0.0	2.4737923347812852E-5	1.2368961673906426E-5
8	0.0018491597702490108	6.184480836953213E-6	0.0	2.4737923347812852E-5	1.2368961673906426E-5
9	0.002028509714520654	6.184480836953213E-6	0.0	2.4737923347812852E-5	2.4737923347812852E-5
10-11	0.002758278453281133	1.2368961673906426E-5	0.0	2.4737923347812852E-5	2.4737923347812852E-5
12-13	0.00342620238367208	1.2368961673906426E-5	0.0	2.4737923347812852E-5	2.4737923347812852E-5
14-15	0.004282752979590101	1.8553442510859637E-5	0.0	2.4737923347812852E-5	2.4737923347812852E-5
16-17	0.005343391443127576	3.0922404184766066E-5	0.0	2.4737923347812852E-5	3.0922404184766066E-5
18-19	0.006224679962393408	4.329136585867249E-5	0.0	2.4737923347812852E-5	4.9475846695625704E-5
20-21	0.007248211540909166	6.184480836953213E-5	0.0	2.4737923347812852E-5	5.566032753257892E-5
22-23	0.008352141370305315	8.039825088039176E-5	0.0	2.4737923347812852E-5	5.566032753257892E-5
24-25	0.009162308359946185	9.276721255429819E-5	0.0	3.0922404184766066E-5	5.566032753257892E-5
26-27	0.010074519283396784	9.276721255429819E-5	0.0	3.0922404184766066E-5	5.566032753257892E-5
28-29	0.011197002555303794	1.0204393380972801E-4	0.0	3.0922404184766066E-5	5.566032753257892E-5
30-31	0.012171058287123924	1.0513617422820462E-4	0.0	3.710688502171928E-5	6.184480836953213E-5
32-33	0.013117283855177766	1.2678185715754087E-4	0.0	3.710688502171928E-5	6.184480836953213E-5
34-35	0.014236674886666297	1.2987409757601748E-4	0.0	4.329136585867249E-5	6.184480836953213E-5
36-37	0.015207638378067951	1.422430592499239E-4	0.0	4.329136585867249E-5	6.493704878800874E-5
38-39	0.016323937169138006	1.4842754008687712E-4	0.0	4.329136585867249E-5	6.802928920648535E-5
40-41	0.01732273082430595	1.5770426134230695E-4	0.0	4.329136585867249E-5	7.112152962496195E-5
42-43	0.01819783486273483	1.6388874217926013E-4	0.0	4.6383606277149096E-5	8.349049129886837E-5
44-45	0.019258473326272306	1.7316546343468996E-4	3.0922404184766065E-6	4.9475846695625704E-5	8.658273171734498E-5
46-47	0.020387141079016267	1.8244218469011978E-4	6.184480836953213E-6	5.256808711410231E-5	8.658273171734498E-5
48-49	0.021463240744646124	1.8553442510859639E-4	6.184480836953213E-6	5.566032753257892E-5	8.658273171734498E-5
50-51	0.02279290412459107	1.8553442510859639E-4	6.184480836953213E-6	5.566032753257892E-5	9.276721255429819E-5
52-53	0.024261718323367456	1.917189059455496E-4	6.184480836953213E-6	5.566032753257892E-5	9.276721255429819E-5
54-55	0.025903697985578532	2.0408786761945603E-4	6.184480836953213E-6	5.566032753257892E-5	9.276721255429819E-5
56-57	0.027762134477082975	2.1336458887488585E-4	6.184480836953213E-6	5.566032753257892E-5	9.276721255429819E-5
58-59	0.02977827522992972	2.1645682929336246E-4	6.184480836953213E-6	5.566032753257892E-5	9.276721255429819E-5
60-61	0.03246852439400437	2.319180313857455E-4	6.184480836953213E-6	5.566032753257892E-5	9.276721255429819E-5
62-63	0.03583906645014387	2.4119475264117532E-4	6.184480836953213E-6	5.566032753257892E-5	9.276721255429819E-5
64-65	0.039487910143946266	2.628404355705116E-4	6.184480836953213E-6	5.566032753257892E-5	9.58594529727748E-5
66-67	0.043251166733232295	2.783016376628946E-4	6.184480836953213E-6	5.566032753257892E-5	9.895169339125141E-5
68-69	0.04843376167459909	2.844861184998478E-4	6.184480836953213E-6	5.8752567951055526E-5	1.0204393380972801E-4
70-71	0.05627568337585576	2.844861184998478E-4	6.184480836953213E-6	6.184480836953213E-5	1.1132065506515784E-4
72-73	0.06666561118193716	2.844861184998478E-4	6.184480836953213E-6	6.802928920648535E-5	1.1750513590211105E-4
74-75	0.07985710880715836	2.937628397552776E-4	6.184480836953213E-6	6.802928920648535E-5	1.2678185715754087E-4
76-77	0.09524100488907948	3.1540852268461384E-4	6.184480836953213E-6	7.421377004343855E-5	1.2987409757601748E-4
78-79	0.11550445635135667	3.2159300352156705E-4	6.184480836953213E-6	8.658273171734498E-5	1.391508188314473E-4
80-81	0.14420353967523808	3.2159300352156705E-4	6.184480836953213E-6	8.658273171734498E-5	1.4533529966840052E-4
82-83	0.18633531537698184	3.2159300352156705E-4	6.184480836953213E-6	8.658273171734498E-5	1.4842754008687712E-4
84-85	0.24496728595171677	3.2159300352156705E-4	6.184480836953213E-6	8.967497213582159E-5	1.5151978050535373E-4
86-87	0.3187295888940578	3.339619651954735E-4	6.184480836953213E-6	9.276721255429819E-5	1.6698098259773674E-4
88-89	0.4093446021170962	3.401464460324267E-4	6.184480836953213E-6	9.276721255429819E-5	1.8244218469011978E-4
>>END_MODULE
>>Kmer Content	fail
#Sequence	Count	PValue	Obs/Exp Max	Max Obs/Exp Position
TGAACGC	6575	0.0	13.0743475	8
GCGGACG	3425	0.0	11.511358	82-83
CTCAGAT	15455	0.0	11.407575	1
CGGGAAC	6725	0.0	11.164858	1
TTGAACG	8070	0.0	11.123091	7
CGTATGC	4180	0.0	11.080128	44-45
GAACGCT	7605	0.0	10.991341	9
CGGACGG	3660	0.0	10.641895	84-85
GGCAGGC	4015	0.0	10.291474	18-19
GGACGGG	3870	0.0	10.064428	84-85
ATTGAAC	11130	0.0	10.027898	6
TATGCCG	4450	0.0	9.927151	46-47
GGCGGAC	3965	0.0	9.883706	82-83
CGCGAAT	2030	0.0	9.831996	1
CTCGGAT	8705	0.0	9.771757	1
CTCGAAT	7690	0.0	9.763807	1
CGGGGAT	4375	0.0	9.667192	1
CGGCAGG	4080	0.0	9.661884	18-19
CGCCCCT	1445	0.0	9.537149	1
CCGGGAT	3670	0.0	9.322982	1
>>END_MODULE
